2.825625
3.955875
2.825625
1.695375
0.8476875
1.1867625
0.8476875
0.5086125
1.695375
2.373525
1.695375
1.017225
0.2825625
0.3955875
0.2825625
0.1695375
7.0640625
9.8896875
7.0640625
4.2384375
2.11921875
2.96690625
2.11921875
1.27153125
4.2384375
5.9338125
4.2384375
2.5430625
0.70640625
0.98896875
0.70640625
0.42384375
4.2384375
5.9338125
4.2384375
2.5430625
1.27153125
1.78014375
1.27153125
0.76291875
2.5430625
3.5602875
2.5430625
1.5258375
0.42384375
0.59338125
0.42384375
0.25430625
4.709375
6.593125
4.709375
2.825625
1.4128125
1.9779375
1.4128125
0.8476875
2.825625
3.955875
2.825625
1.695375
0.4709375
0.6593125
0.4709375
0.2825625
11.7734375
16.4828125
11.7734375
7.0640625
3.53203125
4.94484375
3.53203125
2.11921875
7.0640625
9.8896875
7.0640625
4.2384375
1.17734375
1.64828125
1.17734375
0.70640625
7.0640625
9.8896875
7.0640625
4.2384375
2.11921875
2.96690625
2.11921875
1.27153125
4.2384375
5.9338125
4.2384375
2.5430625
0.70640625
0.98896875
0.70640625
0.42384375
3.7675
5.2745
3.7675
2.2605
1.13025
1.58235
1.13025
0.67815
2.2605
3.1647
2.2605
1.3563
0.37675
0.52745
0.37675
0.22605
9.41875
13.18625
9.41875
5.65125
2.825625
3.955875
2.825625
1.695375
5.65125
7.91175
5.65125
3.39075
0.941875
1.318625
0.941875
0.565125
5.65125
7.91175
5.65125
3.39075
1.695375
2.373525
1.695375
1.017225
3.39075
4.74705
3.39075
2.03445
0.565125
0.791175
0.565125
0.339075
4.709375
6.593125
4.709375
2.825625
1.4128125
1.9779375
1.4128125
0.8476875
2.825625
3.955875
2.825625
1.695375
0.4709375
0.6593125
0.4709375
0.2825625
11.7734375
16.4828125
11.7734375
7.0640625
3.53203125
4.94484375
3.53203125
2.11921875
7.0640625
9.8896875
7.0640625
4.2384375
1.17734375
1.64828125
1.17734375
0.70640625
7.0640625
9.8896875
7.0640625
4.2384375
2.11921875
2.96690625
2.11921875
1.27153125
4.2384375
5.9338125
4.2384375
2.5430625
0.70640625
0.98896875
0.70640625
0.42384375
2.825625
3.955875
2.825625
1.695375
0.8476875
1.1867625
0.8476875
0.5086125
1.695375
2.373525
1.695375
1.017225
0.2825625
0.3955875
0.2825625
0.1695375
7.0640625
9.8896875
7.0640625
4.2384375
2.11921875
2.96690625
2.11921875
1.27153125
4.2384375
5.9338125
4.2384375
2.5430625
0.70640625
0.98896875
0.70640625
0.42384375
4.2384375
5.9338125
4.2384375
2.5430625
1.27153125
1.78014375
1.27153125
0.76291875
2.5430625
3.5602875
2.5430625
1.5258375
0.42384375
0.59338125
0.42384375
0.25430625
2.311875
3.236625
2.311875
1.387125
0.6935625
0.9709875
0.6935625
0.4161375
1.387125
1.941975
1.387125
0.832275
0.2311875
0.3236625
0.2311875
0.1387125
5.7796875
8.0915625
5.7796875
3.4678125
1.73390625
2.42746875
1.73390625
1.04034375
3.4678125
4.8549375
3.4678125
2.0806875
0.57796875
0.80915625
0.57796875
0.34678125
3.4678125
4.8549375
3.4678125
2.0806875
1.04034375
1.45648125
1.04034375
0.62420625
2.0806875
2.9129625
2.0806875
1.2484125
0.34678125
0.48549375
0.34678125
0.20806875
3.853125
5.394375
3.853125
2.311875
1.1559375
1.6183125
1.1559375
0.6935625
2.311875
3.236625
2.311875
1.387125
0.3853125
0.5394375
0.3853125
0.2311875
9.6328125
13.4859375
9.6328125
5.7796875
2.88984375
4.04578125
2.88984375
1.73390625
5.7796875
8.0915625
5.7796875
3.4678125
0.96328125
1.34859375
0.96328125
0.57796875
5.7796875
8.0915625
5.7796875
3.4678125
1.73390625
2.42746875
1.73390625
1.04034375
3.4678125
4.8549375
3.4678125
2.0806875
0.57796875
0.80915625
0.57796875
0.34678125
3.0825
4.3155
3.0825
1.8495
0.92475
1.29465
0.92475
0.55485
1.8495
2.5893
1.8495
1.1097
0.30825
0.43155
0.30825
0.18495
7.70625
10.78875
7.70625
4.62375
2.311875
3.236625
2.311875
1.387125
4.62375
6.47325
4.62375
2.77425
0.770625
1.078875
0.770625
0.462375
4.62375
6.47325
4.62375
2.77425
1.387125
1.941975
1.387125
0.832275
2.77425
3.88395
2.77425
1.66455
0.462375
0.647325
0.462375
0.277425
3.853125
5.394375
3.853125
2.311875
1.1559375
1.6183125
1.1559375
0.6935625
2.311875
3.236625
2.311875
1.387125
0.3853125
0.5394375
0.3853125
0.2311875
9.6328125
13.4859375
9.6328125
5.7796875
2.88984375
4.04578125
2.88984375
1.73390625
5.7796875
8.0915625
5.7796875
3.4678125
0.96328125
1.34859375
0.96328125
0.57796875
5.7796875
8.0915625
5.7796875
3.4678125
1.73390625
2.42746875
1.73390625
1.04034375
3.4678125
4.8549375
3.4678125
2.0806875
0.57796875
0.80915625
0.57796875
0.34678125
2.311875
3.236625
2.311875
1.387125
0.6935625
0.9709875
0.6935625
0.4161375
1.387125
1.941975
1.387125
0.832275
0.2311875
0.3236625
0.2311875
0.1387125
5.7796875
8.0915625
5.7796875
3.4678125
1.73390625
2.42746875
1.73390625
1.04034375
3.4678125
4.8549375
3.4678125
2.0806875
0.57796875
0.80915625
0.57796875
0.34678125
3.4678125
4.8549375
3.4678125
2.0806875
1.04034375
1.45648125
1.04034375
0.62420625
2.0806875
2.9129625
2.0806875
1.2484125
0.34678125
0.48549375
0.34678125
0.20806875
